1 61
2 60
3 59
4 58
5 57
6 56
7 55
8 54
9 53
10 52
11 51
12 50
13 49
14 48
15 47
16 46
17 45
18 44
19 43
20 42
21 41
22 40
23 39
24 38
25 37
26 36
27 35
28 34
29 33
30 32
31 31
32 30
33 29
34 28
35 27
36 26
37 25
38 24
39 23
40 22
41 21
42 20
43 19
44 18
45 17
46 16
47 15
48 14
49 13
50 12
51 11
52 10
53 9
54 8
55 7
56 6
57 5
58 4
59 3
60 2
61 1
62 0
63 -1
64 -2
65 -3
66 -4
67 -5
68 -6
69 -7
70 -8
71 -9
72 -10
73 -11
74 -12
75 -13
76 -14
77 -15
78 -16
79 -17
80 -18
81 -19
82 -20
83 -21
84 -22
85 -23
86 -24
87 -25
88 -26
89 -27
90 -28
91 -29
92 -30
93 -31
94 -32
95 -33
96 -34
97 -35
98 -36
99 -37
100 -38
101 -39
102 -40
103 -41
104 -42
105 -43
106 -44
107 -45
108 -46
109 -47
110 -48
111 -49
112 -50
113 -51
114 -52
115 -53
116 -54
117 -55
118 -56
119 -57
120 -58
121 -59
122 -60
123 -61
124 -10000
125 -20000
126 -30000
127 -40000
128 -50000
129 -60000
130 -70000
131 -80000
132 -90000
133 -100000
134 -110000
135 -120000
136 -130000
137 -140000
138 -150000
139 -160000
140 -170000
141 -180000
142 -190000
143 -200000
144 -210000
145 -220000
146 -230000
147 -240000
148 -250000
149 -260000
150 -270000
151 -280000
152 -290000
153 -300000
154 -310000
155 -320000
156 -330000
157 -340000
158 -350000
159 -360000
160 -370000
161 -380000
162 -390000
163 -400000
164 -410000
165 -420000
166 -430000
167 -440000
168 -450000
169 -460000
170 -470000
171 -480000
172 -490000
173 -500000
174 -510000
175 -520000
176 -530000
177 -540000
178 -550000
179 -560000
180 -570000
181 -580000
182 -590000
183 -600000
184 -610000
